Lon Lat VE VN VU SE SN SU ID
-69.67 18.43 -2.839 -5.44 0.134 1.72 1.61 100 AMER*
-69.45 19.2 -11.649 -2.06 -2.243 0.74 0.72 100 ARRO*
-69.64 18.76 -5.791 -3.087 -1.17 0.74 0.72 100 BAYA*
-68.62 18.36 -4.172 -2.702 -1.151 0.74 0.72 100 BOCA*
-72.27 18.63 -6.772 -5.246 -0.38 2.21 2.01 100 BRPS*
-70.64 19.51 -14.453 -3.14 -2.103 1.13 1.01 100 CAMP*
-71.67 19.42 -8.092 -5.603 -0.377 0.55 0.52 100 CAP2*
-70.03 19.21 -10.808 -3.618 -1.502 0.74 0.72 100 CASX
-71.45 18.37 -4.258 -3.037 -1.021 0.64 0.62 100 COLO*
-70.77 18.92 -7.716 -2.901 -1.459 0.83 0.82 100 CONS*
-71.57 18.32 -2.652 -2.08 -1.242 0.74 0.72 100 ESCO*
-68.72 18.61 -5.014 -2.773 -1.214 0.74 0.72 100 HIGU*
-72.01 19.14 -6.085 -9.431 1.436 1.32 1.21 100 HINC*
-72.63 18.51 -4.706 -5.928 0.131 1.03 1.01 100 LEOG*
-71.03 19.74 -18.368 -5.364 -1.61 1.13 1.11 100 LHDG*
-70.53 19.38 -12.383 -2.309 -2.22 1.03 0.82 100 MOCA*
-71.15 19.41 -9.613 -4.349 -1.067 0.74 0.72 100 MONC*
-72.19 19.74 -11.694 -8.105 0.266 1.13 1.11 100 MTCH*
-72.34 18.54 -5.674 -3.472 -0.997 1.22 1.21 100 PAPH*
-72.29 18.51 -3.711 -2.906 -1.016 1.03 1.01 100 PETI*
-73.24 18.48 -4.348 -3.204 -0.962 1.52 1.41 100 PRDN*
-73.92 18.08 -2.443 -2.288 -1.133 1.32 1.11 100 PSLT*
-68.95 18.41 -1.201 -2.797 -0.784 1.82 1.71 100 ROMA*
-70.69 19.47 -9.559 -4.02 -1.197 1.03 1.01 100 SAGO*
-72.7 19.11 -8.448 -6.697 0.038 1.32 1.21 100 SAMA*
-69.88 18.47 -4.377 -3.447 -0.864 0.74 0.72 100 SDOM*
-69.39 19.06 -7.423 -3.491 -1.182 1.72 1.61 100 SMAR*
-69.5 19.32 -13.508 -2.244 -2.372 0.74 0.72 100 TERR*
-70.57 19.3 -10.216 -3.011 -1.69 0.74 0.72 100 VEGA*
-70.17 18.67 -2.227 -4.451 -0.209 1.82 1.71 100 VIAL*
-69.979171743 18.506934468 -4.248 -3.215 -1.193 0.579 0.461 1.771 ATT3
-71.098228123 18.208698582 -2.58 -2.19 0.211 0.248 0.335 0.817 BAR2
-68.359392989 18.563901651 -4.512 -1.823 -0.298 0.245 0.222 0.777 CN05
-70.65611026 18.789825081 -6.083 -4.578 0.023 0.28 0.246 0.793 CN06
-70.565851464 19.757630944 -15.251 -1.819 0.453 0.294 0.301 1.034 CN07
-71.674068273 17.903373489 -1.938 -0.808 1.448 0.471 0.407 1.493 CN08
-72.139818433 19.687746293 -11.052 -5.886 -1.558 0.324 0.27 0.856 CN09
-69.939809281 19.667117814 -15.507 -3.832 0.273 0.239 0.267 0.866 CN27
-69.043709579 18.768077764 -5.829 -3.001 1.13 0.438 0.416 1.15 CRSE
-72.538406569 18.235047335 -3.303 -2.45 -0.826 0.247 0.306 0.795 JME2
-70.531086545 19.222715395 -9.295 -4.377 -1.051 0.189 0.177 0.649 LVEG
-70.716056463 18.445493506 -2.946 -2.319 -2.487 0.617 0.607 1.784 RDAZ
-70.328357492 18.276920089 -3.27 -3.252 -2.094 0.476 0.608 1.913 RDBA
-70.404900583 18.947700178 -5.99 -5.292 -1.71 0.547 0.502 1.929 RDBO
-70.679259005 19.779005987 -15.277 -3.034 0.796 0.683 0.562 1.751 RDEG
-68.718321085 18.597970728 -4.828 -2.94 -2.066 0.354 0.356 1.443 RDHI
-69.54665793 19.306611146 -13.546 -2.556 -1.195 0.307 0.399 1.164 RDLT
-71.077240052 19.538785339 -11.327 -4.422 -0.715 0.353 0.317 1.38 RDMA
-71.638857198 19.848740925 -14.13 -4.334 -1.55 0.507 0.525 1.903 RDMC
-69.049233017 18.978541599 -7.939 -3.647 -0.692 0.486 0.507 1.733 RDMI
-69.040816363 18.979607511 -7.999 -3.686 -1.2 0.47 0.359 1.336 RDMS
-69.846986525 19.368980101 -14.125 -2.586 -4.575 0.916 0.789 3.498 RDNA
-71.420455005 18.500752295 -3.98 -5.198 -0.997 0.446 0.615 1.517 RDNE
-70.713244467 19.811308633 -15.997 -2.959 0.778 0.636 0.491 1.7 RDPP
-70.701994991 19.416197919 -11.289 -4.068 0.474 0.565 0.444 1.706 RDSC
-69.91132349 18.461397741 -3.623 -3.608 -1.081 0.229 0.251 0.883 RDSD
-70.246489574 19.285712821 -10.722 -4.545 -2.078 0.339 0.321 1.216 RDSF
-71.227005537 18.819476211 -6.333 -5.072 -1.183 0.341 0.319 1.283 RDSJ
-69.305573799 18.461015088 -3.987 -3.28 -0.536 0.175 0.187 0.674 SPED
-71.341161545 19.475250482 -10.649 -4.88 -0.916 0.193 0.192 0.675 SROD
-72.308605251 18.528677822 -4.337 -2.885 1.43 1.057 0.7 1.438 VOIL
-71.7 19.551 -9.03 -5.75 0.01 0.59 0.48 100 DJBN#
-71.755 19.703 -12.24 -4.04 0.01 0.34 0.29 100 PEPE#
-71.763 18.038 -3.07 -1.56 0.01 0.51 0.43 100 ANPI#
-71.763 18.868 -5.89 -3.08 0.01 0.54 0.47 100 BELA#
-71.841 18.246 -4.36 -1.32 0.01 0.43 0.36 100 THIO#
-71.918 18.189 -1.19 -1.78 0.01 0.32 0.27 100 GOSX#
-71.937 18.83 -7.4 -3.53 0.01 0.4 0.35 100 LASX#
-71.965 19.023 -6.84 -6.45 0.01 0.23 0.2 100 MOND#
-71.968 18.503 -3.8 -2.76 0.01 0.31 0.26 100 FOPA#
-72.061 18.532 -4.6 -2.78 0.01 0.24 0.2 100 GANT#
-72.067 18.236 -2.47 -0.45 0.01 0.33 0.27 100 BANS#
-72.094 18.652 -5.79 -4.02 0.01 0.24 0.21 100 TOMA#
-72.104 18.834 -7.05 -5.32 0.01 0.2 0.18 100 MIRE#
-72.115 19.336 -8.71 -7.48 0.01 0.43 0.38 100 PIGN#
-72.127 19.669 -11.95 -5.51 0.01 0.78 0.64 100 LIMO#
-72.179 19.697 -11.31 -6.33 0.01 0.38 0.31 100 BMEC#
-72.199 19.439 -8.16 -5.22 0.01 0.27 0.23 100 RAPH#
-72.209 19.611 -9.27 -6.1 0.01 0.37 0.34 100 MILO#
-72.243 19.526 -7.48 -4.82 0.01 0.46 0.41 100 DOND#
-72.285 18.449 -2.76 -1.86 0.01 0.28 0.24 100 KENS#
-72.296 18.424 -3.04 -2.36 0.01 0.4 0.33 100 FUCY#
-72.296 18.562 -5.34 -5.21 0.01 0.22 0.19 100 DELM#
-72.312 18.488 -3.33 -2.4 0.01 0.21 0.19 100 THOM#
-72.364 19.703 -9.82 -5.19 0.01 0.31 0.26 100 HLIM#
-72.383 19.767 -9.84 -4.38 0.01 0.26 0.21 100 BASL#
-72.397 18.23 -3.27 -1.95 0.01 0.51 0.44 100 CAJA#
-72.418 18.734 -6.68 -5.29 0.01 0.2 0.18 100 CAB2#
-72.427 19.63 -9.51 -4 0.01 0.65 0.54 100 CAMC#
-72.431 19.751 -10.38 -5.1 0.01 0.31 0.26 100 POMA#
-72.484 19.125 -8.47 -5.46 0.01 0.37 0.3 100 PTRA#
-72.485 19.484 -8.37 -6.15 0.01 0.46 0.38 100 ENRY#
-72.515 19.264 -8.53 -5.44 0.01 0.34 0.29 100 DESS#
-72.517 18.774 -5.73 -4.24 0.01 0.3 0.26 100 ARCA#
-72.523 19.845 -10.44 -6.92 0.01 0.32 0.28 100 BORG#
-72.527 18.541 -2.71 -5.04 0.01 0.44 0.37 100 GRE2#
-72.634 18.456 -2.54 -4.04 0.01 0.24 0.21 100 DFRT#
-72.655 18.367 -2.48 -0.86 0.01 0.23 0.18 100 TROU#
-72.664 18.269 -1.77 -2.1 0.01 0.27 0.23 100 LAVA#
-72.674 19.67 -9.39 -5.91 0.01 0.4 0.33 100 GROM#
-72.69 19.446 -7.44 -6.12 0.01 0.33 0.28 100 GONA#
-72.694 18.944 -7.1 -5.49 0.01 0.24 0.21 100 MTR2#
-72.727 20.018 -14.87 -3.66 0.01 0.56 0.46 100 LATP#
-72.758 19.052 -7.74 -5.87 0.01 0.44 0.49 100 MARC#
-72.799 19.782 -11.04 -5.68 0.01 0.72 0.58 100 BBLE#
-72.83 20.04 -12.7 -4.4 0.01 0.34 0.29 100 MTRY#
-72.835 19.877 -9.37 -5.73 0.01 1.25 0.96 100 SOLM#
-72.837 19.941 -12.02 -4.53 0.01 0.32 0.27 100 PDEP#
-72.864 18.837 -8.37 -4.23 0.01 0.35 0.3 100 LAGX#
-73.063 18.787 -7.15 -3.42 0.01 0.35 0.31 100 PRAQ#
-73.115 18.372 -6.45 -0.97 0.01 0.8 0.67 100 SMDN#
-73.191 19.851 -9 -4.11 0.01 0.68 0.61 100 JRBL#
-73.212 19.665 -7.44 -4.22 0.01 0.32 0.27 100 BHEN#
-73.234 18.36 -4.62 -2.69 0.01 0.75 0.59 100 FOND#
-73.342 19.692 -7.89 -4.87 0.01 0.56 0.46 100 BOMB#
-73.345 18.504 -2.94 -3.74 0.01 0.41 0.34 100 ANVO#
-73.374 19.808 -8.79 -2.86 0.01 0.27 0.23 100 MOLE#
-73.51 18.527 -4.18 -2.81 0.01 0.52 0.43 100 PTDN#
-73.589 18.431 -3.86 -0.93 0.01 0.41 0.35 100 PLAI#
-73.654 18.303 -2.33 -0.31 0.01 0.35 0.3 100 CAVA#
-73.793 18.27 -3.25 -0.98 0.01 0.69 0.55 100 CAYE#
-73.813 18.076 -1.77 -1.23 0.01 0.93 0.76 100 STJS#
-73.894 18.567 -6.06 -0.74 0.01 0.49 0.38 100 CORA#
-74.098 18.249 -5.59 -1.23 0.01 0.57 0.48 100 POPI#
-74.117 18.649 -5.46 -0.25 0.01 1.16 0.92 100 JER2#
-74.172 18.663 -5.72 -1.19 0.01 1.18 0.92 100 JERE#
-74.22 18.305 -4.19 -1.66 0.01 0.44 0.4 100 ANGL#
-74.243 18.665 -4.54 -1.38 0.01 0.57 0.48 100 BONB#
-74.256 18.559 -7.62 -1.05 0.01 0.48 0.4 100 MORO#
-74.308 18.65 -8.35 -3.15 0.01 0.45 0.37 100 ABRI#
-74.397 18.326 -4.02 -3.44 0.01 0.77 0.59 100 TIBU#
-74.423 18.562 -5.24 -3.22 0.01 0.49 0.43 100 DAMA#
-74.45 18.407 -4.78 -1.56 0.01 0.44 0.38 100 IROI#
-74.452 18.485 -5.18 -3.38 0.01 0.51 0.47 100 ANSH#
